111111 11110011 s. 1111110111. 071

p. 96 1.Ιο. 3,16 ρ. 019 1111010111 p. 91
61 11111. 1, 56 170 107 1111
155 5, 310 170 00,11 118
105 01,1 160 1111 107

0. 1111111111 1111111 1111111111 prolum:

1, 3,0 133 10. 16,10. 13 17 0.001.11,11 36
7, 3·5 95 17,11.00·03 18 Gal. 0,16 117
1 15 36 » 11.οθ 16 »01 117
1 0103 110 Act 1,111 039 3, 3 190
10, 10 119 8,11-17 159 5,11 113
11, 6 055 13, 0 Ε. 010 1 1903 10
1 05 65 15, 08 61 Epn. 0, 8.9 117
10, 30 019 16, 1 , 60 1,11·13 13
16,18 16 13,18 155 » 1 131
17, 00 100 Rom. 1,16 10 » Ι1·11 61
18,17 70 » 19 130 Phil. 0,10.11 106
1 1 91 » 19. 00 68 » 13 105
19,11 113 3, 00. 08 117 1111013510. 13 008
05, 09 118 1 08 108 » 19 61
06, 8.9 030 9, 00. 03 95 mim. 1,19100 019
3,11 38 10,15 38 3,15 70
9, 39 70 » 17 15 1, 1ι3 198
16,15 56 11, 6 116 5,11·10 193

0111* 55 13, 5 100 »00 180

16, 06 118 15, 5.6 18 011111. 0, 00 95
19,13 38 [Cor. 1,10 19 101-06 39
00,Ι9 180 1 0301 055 3, 1·5 39
1 1 006 0,11 70 Τ11. 3, 1.5 117
010 3, 9 E. 131 116111. 5, 1 38

015 7, 8 193 11, 6 113

1 ι 016 130-31 000 lac. 1, 56 191
6,15 51 11,οδ 011 » 17 191
»61 11 13, 0 110 met 0, 15 171
11,10 16 1 1·7 113 n 16 101
11, 6.16. 1 13 115 »19 103
1707 16 0.(101. 3, 5 105 5, 1.0 173
16, 0 056 1, 3.1 11 0. Pet. 1, 59 113
1113111. 11, 31 15 0,10. 1011 050

3. 11111111111111111, 11 111 iuxta 1111111111 111 1111111111 11111111
1111111111 1111111111

111.10,7 93 lo. 0003 155 11111105
0010 113 1 ι 1110 011111. 3,13
03, 03 31 Rom. -1,30 051 Tit. 3,10.11
01, 6 11 5, 5 60 111111. 5, 1
1,11.16. 1,(ἶο1. 1,0-1 70 10,11
17 59 0.11ο1.3,1.5 001 lac. 3,¹3-18 .
9,οΙ 110 611. 1,10 101 1,10, 1,6
11,5Ι 66 151111. 5, 0031. 131101. Ι6,1
10,6 019 30 1601

1. 11111 111ςί111111 verbotenus 1111111111

11, 3 93 1111111. 51110 056 Ι 1111111. 5,17 011
11 1111 ,11 11 6 101
5 009 1 17 117 7 10

 

