272 111111 11111111 1. scamnum.

1111111. ῖ,5 1119111111. 22 p. 1111110111. 12 p
1,1 111 1 111 1
11111 11 1111 1111
1111111 11 111 11 1
1111111Ι 11 1111 11,1-11
111 11111. 1 1111 111
1111 3Ιί 1,6 37 13
11 11. 1 111, 1

1 11 1 111. 11,1

1111 111 1 1111 11

11 1111 11,1 1111 11,111,
111 13 111 mona
111 11,111 1111 1
111 11 111Ι

= 11 111·
111 1111
11111 311
1111
11
111
111
11,
1111
111
1,11
111
1
11,1
13
11,1
11 23
11 ·
. 11,1
111 1111
111Ι 111, 11 111 11111.
1111. im 1111.

111 nom. 111 1111111111
113] 11 138 ι
111 11 111 1,11
11 11 11 1
1111 1 111 111
111 11,1 111 111

11· 1 1 111 1
1111 11,1.1 111Ι 1
111, 1 1 111 11111. 1,1
1111 ι 11, 1 115 , 1, 1
111 11 111111. 1
11 11111. 1 11111111. 1, 11
111, 1,11 111 1
111111 111 11 11,1
1111Ι 1 111 1111
11111 1,1.1 11,111. 1
111 1·.·’ 11111111 11111
1111 τ’-τ 111· ' ’ ’ ’11
111· 111 111
11 11,1·1· 111 111111. 11,1
11, 1 1 111.

 

